name,email,
Chirag,chirag@campuscredential.co.in
Chirag,chiragdraul@gmail.com


Day, Level, Assignment, TimeTaken, TimeGiven, Date
,Day 1
1,1,1,10,20,21-02-2021
1,1,2,10,20,21-02-2021
1,1,3,10,20,21-02-2021
1,1,4,5,15,21-02-2021
1,1,5,4,20,21-02-2021
1,1,6,6,30,21-02-2021
1,2,7,5,20,21-02-2021
1,2,8,2,20,21-02-2021
1,3,9,10,15,16-02-2021
1,3,10,2,20,21-02-2021
1,3,11,3,20,21-02-2021
1,3,12,3,5,16-02-2021
1,3,13,10,20,21-02-2021
1,3,14,**,20,21-02-2021, X too long

,Day 2
2,1,15,7,20,19-02-2021
2,2,16,25,30,19-02-2021
2,2,17,8,30,19-02-2021
2,2,18,8,20,21-02-2021
2,3,19,18,45,21-02-2021
2,3,20,33,30,21-02-2021
2,3,21,15,45,21-02-2021

,Day 3
3,2,22,15,40,21-02-2021
3,2,23,16,45,21-02-2021
3,2,24,7,40,21-02-2021
3,2,25,5,15,21-02-2021
3,2,26,**,15,21-02-2021, didnt find a solution, so used a formula
3,2,27,10,15,21-02-2021
3,2,28,7,30,21-02-2021

,Day 4
4,1,29,15,45,21-02-2021
4,1,30,6,45,21-02-2021
4,1,31,1,30,21-02-2021
4,3,32,11,60,21-02-2021
4,3,33,16,20,21-02-2021

,Day 5
5,1,34,20,30,22-02-2021
5,1,35,25,40,22-02-2021
5,2,36,17,40,22-02-2021
5,2,37,8,45,22-02-2021
5,3,39,10,45,22-02-2021
5,3,39,23,45,22-02-2021

,Day 6
6,1,40,25+,30,25-02-2021
6,1,41,18,35,23-02-2021
6,2,42,25,40,26-02-2021
6,1,43,**,35,26-02-2021
6,2,44,20,45,26-02-2021
6,1,45,4,20,26-02-2021

,Day 7
7,2,46,**,40,26-02-2021
7,2,47,19,30,26-02-2021
7,2,48,16,30,26-02-2021
7,2,49,30+,30,23-02-2021
8,2,50,..,40,25-02-2021
8,2,51,**,40,25-02-2021

,Day 8
8,2,52,11,30,26-02-2021
8,2,53,35+,40,25-02-2021
8,2,54,13,40,26-02-2021
8,2,55,25,45,26-02-2021
8,2,56,..,45,..-02-2021
8,2,57,..,45,..-02-2021
8,2,58,..,45,..-02-2021

,Day 9
9,1,59,17,30,26-02-2021
9,1,60,4,40,26-02-2021
9,2,61,..,30,26-02-2021








